# This file may be used to create an environment using:
# $ conda create --name <env> --file <this file>
# platform: win-64
# created-by: conda 25.5.1
asgiref=3.8.1=pyhd8ed1ab_1
backports.zoneinfo=0.2.1=py39hcbf5309_9
boost-cpp=1.74.0=h5b4e17d_5
bzip2=1.0.8=h2bbff1b_6
ca-certificates=2025.4.26=h4c7d964_0
cairo=1.16.0=hb19e0ff_1008
cfitsio=3.470=h0af3d06_7
curl=7.79.1=h789b8ee_1
django=4.2.21=pyhd8ed1ab_0
expat=2.7.1=h8ddb27b_0
font-ttf-dejavu-sans-mono=2.37=hab24e00_0
font-ttf-inconsolata=3.000=h77eed37_0
font-ttf-source-code-pro=2.038=h77eed37_0
font-ttf-ubuntu=0.83=h77eed37_3
fontconfig=2.14.0=hce3cb01_0
fonts-conda-ecosystem=1=0
fonts-conda-forge=1=0
freetype=2.10.4=h546665d_1
freexl=1.0.6=h67ca5e6_1
gdal=3.3.2=py39h7c9a9b1_4
geos=3.9.1=h39d44d4_2
geotiff=1.7.0=h350af67_3
gettext=0.21.1=h5728263_0
hdf4=4.2.15=h0e5069d_3
hdf5=1.12.1=nompi_h2a0e4a3_100
icu=68.2=h0e60522_0
intel-openmp=2024.2.1=h57928b3_1083
jbig=2.1=h8d14728_2003
jpeg=9e=hcfcfb64_3
kealib=1.4.15=h8995ca9_0
krb5=1.19.3=h1176d77_0
lcms2=2.12=h2a16943_0
lerc=2.2.1=h0e60522_0
libblas=3.9.0=31_h641d27c_mkl
libcblas=3.9.0=31_h5e41251_mkl
libcurl=7.79.1=h789b8ee_1
libdeflate=1.7=h8ffe710_5
libffi=3.4.4=hd77b12b_1
libgdal=3.3.2=h08edb8f_4
libglib=2.68.4=h3be07f2_1
libiconv=1.17=h8ffe710_0
libkml=1.3.0=h9859afa_1014
liblapack=3.9.0=31_h1aa476e_mkl
libnetcdf=4.8.1=nompi_h1cc8e9d_101
libpng=1.6.37=h1d00b33_2
libpq=13.3=hfcc5ef8_0
librttopo=1.1.0=hb340de5_6
libspatialite=5.0.1=h6a90f17_9
libssh2=1.10.0=h680486a_2
libtiff=4.3.0=h0c97f57_1
libwebp-base=1.3.0=hcfcfb64_0
libxml2=2.9.12=hf5bbc77_0
libzip=1.8.0=hfed4ece_1
lz4-c=1.9.3=h8ffe710_1
mkl=2024.2.2=h66d3029_15
numpy=1.24.3=py39h816b6a6_0
openjpeg=2.4.0=hb211442_1
openssl=1.1.1t=hcfcfb64_0
pcre=8.45=h0e60522_0
pip=25.1=pyhc872135_2
pixman=0.40.0=h8ffe710_0
poppler=21.09.0=h24fffdf_3
poppler-data=0.4.12=hd8ed1ab_0
postgresql=13.3=h1c22c4f_0
proj=8.1.1=h1cfcee9_2
psycopg2=2.9.2=py39h0878f49_0
python=3.9.7=h7840368_3_cpython
python_abi=3.9=7_cp39
setuptools=78.1.1=py39haa95532_0
sqlite=3.45.3=h2bbff1b_0
sqlparse=0.5.3=pyhd8ed1ab_0
tbb=2021.7.0=h91493d7_0
tiledb=2.3.4=h78dabda_0
tk=8.6.14=h5e9d12e_1
typing_extensions=4.14.0=pyhe01879c_0
tzdata=2025b=h04d1e81_0
ucrt=10.0.22621.0=h57928b3_1
vc=14.42=haa95532_5
vs2015_runtime=14.42.34433=hbfb602d_5
wheel=0.45.1=py39haa95532_0
xerces-c=3.2.4=h63175ca_2
xz=5.6.4=h4754444_1
zlib=1.2.13=h8cc25b3_1
zstd=1.5.0=h6255e5f_0
